MA TRAN BO SUNG BAN DAU
-3.488093 	-7.999761 	1.854431 	5.789064 	-3.787322 	-8.615062 	
-3.488093 	-7.999761 	1.854431 	5.789064 	-3.787322 	-8.615062 	
-2.237971 	0.431243 	2.087376 	6.791498 	6.092011 	9.539478 	
-1.488486 	-2.647939 	-9.666085 	5.381205 	5.133506 	-8.632308 	
9.185627 	-5.522216 	9.760462 	-8.211229 	-9.793511 	5.808002 	
-=====================================================- 
XU LI MA TRAN BAN DAU BANG PHUONG PHAP KHU GAUSS
-3.488093 	-7.999761 	1.854431 	5.789064 	-3.787322 	-8.615062 	
0.000000 	5.563914 	0.897568 	3.077217 	8.521969 	15.066929 	
0.000000 	0.000000 	-10.580976 	2.487264 	5.576704 	-7.029811 	
0.000000 	0.000000 	0.000000 	26.189951 	30.936659 	42.544189 	
0.000000 	0.000000 	0.000000 	0.000000 	0.000000 	0.000000 	
He PT co vo so nghiem