MA TRAN HE SO BAN DAU
2.000000 	4.000000 	6.000000 	8.000000 	10.000000 	4.000000 	
3.000000 	69.000000 	12.000000 	15.000000 	7.000000 	6.000000 	
6.000000 	4.000000 	2.000000 	32.000000 	1.000000 	2.000000 	
1.000000 	2.000000 	31.000000 	4.000000 	51.000000 	2.000000 	
2.000000 	43.000000 	21.000000 	3.000000 	3.000000 	19.000000 	
-=====================================================- 
XU LI MA TRAN BAN DAU BANG PHUONG PHAP KHU GAUSS
2.000000 	4.000000 	6.000000 	8.000000 	10.000000 	4.000000 	
0.000000 	63.000000 	3.000000 	3.000000 	-8.000000 	6.000000 	
0.000000 	0.000000 	-15.619047 	8.380953 	-30.015873 	2.000000 	
0.000000 	0.000000 	0.000000 	15.024392 	-7.808945 	2.000000 	
0.000000 	0.000000 	0.000000 	0.000000 	-27.203461 	19.000000 	
X[1] = 3.20824098587036130000 
X[2] = -0.03444892913103103600 
X[3] = 1.09081780910491940000 
X[4] = -0.22989837825298309000 
X[5] = -0.69844055175781250000 
